Number          RA(User)          DEC(User)         GOOD       SIG-MONO     Flux-tot       Error           Grd-axe        Pt-axe        Angle      Mass      Err-Mass     alpha_vir
1            290.9329071        14.5078382          9.99        1341.0      1.37e+00      9.01e-03         8.37e-01       5.26e-01     5.95e+00    690.08     4.53          0.0003
2            290.9331873        14.509588           9.99        888.0       2.04e+00      1.27e-02         7.28e-01       6.12e-01     5.78e-01    1026.59     6.36          0.0002
3            290.9329538        14.5095914          9.99        405.1       7.57e-01      8.73e-03         5.92e-01       4.53e-01     4.55e+00    380.0      4.39          0.0004
4            290.9328126        14.5099864          9.99        230.0       3.75e-01      1.04e-02         5.64e-01       5.27e-01     1.04e+02    188.54     5.21          0.0009
5            290.9327562        14.5073724          9.99        181.1       4.16e-01      1.07e-02         1.09e+00       5.57e-01     2.62e+01    208.93     5.39          0.001 
6            290.9322463        14.5059316          9.99        106.4       4.39e-02      5.69e-03         4.55e-01       4.21e-01     5.01e+01    22.06      2.86          0.0059
7            290.9324401        14.5062071          9.99        150.8       1.32e-01      4.69e-03         7.19e-01       5.36e-01     6.87e+01    66.45      2.36          0.0027
8            290.9324501        14.5054733          9.99        101.0       4.88e-02      4.93e-03         6.35e-01       4.32e-01     5.80e+01    24.52      2.48          0.006 
9            290.9327182        14.511218           8.02        80.19       2.18e-02      8.09e-04         4.17e-01       3.85e-01     2.04e+01    10.95      0.41          0.0108
10           290.9325957        14.506495           8.91        89.09       9.75e-02      7.85e-03         7.29e-01       4.87e-01     8.22e+00    48.99      3.94          0.0034
11           290.9334756        14.5075374          4.51        45.11       3.09e-02      4.08e-03         4.95e-01       4.33e-01     3.43e+01    15.5       2.05          0.0087
12           290.9330429        14.5101591          9.99        111.8       3.36e-01      9.74e-03         1.07e+00       7.17e-01     1.72e+02    168.85     4.89          0.0015
13           290.9319921        14.508945           6.79        67.91       2.53e-02      1.65e-03         5.73e-01       4.52e-01     6.62e+01    12.73      0.83          0.0115
14           290.9255676        14.5112553          6.61        66.09       1.26e-02      5.12e-04         5.60e-01       4.02e-01     1.41e+01    6.33       0.26          0.0212
15           290.9332882        14.5091422          8.03        80.27       1.73e-01      1.07e-02         8.35e-01       6.69e-01     6.00e+01    86.79      5.39          0.0025
16           290.933406         14.5070436          4.85        48.45       8.08e-02      5.41e-03         9.49e-01       5.42e-01     1.42e+02    40.6       2.72          0.0048
17           290.9315049        14.5099229          6.5         64.98       2.25e-02      2.18e-03         7.44e-01       6.20e-01     6.06e+00    11.3       1.09          0.0174
18           290.9325704        14.5101538          7.82        78.21       1.55e-01      1.01e-02         8.87e-01       7.13e-01     1.03e+02    77.9       5.09          0.0029
19           290.9424385        14.496338           3.32        33.21       1.91e-02      1.41e-03         4.42e-01       3.88e-01     4.23e+01    9.58       0.71          0.0126
20           290.9327629        14.5071546          5.46        54.57       1.59e-01      9.37e-03         7.79e-01       7.11e-01     1.21e+02    79.81      4.7           0.0027
21           290.942675         14.4964271          5.31        53.13       5.69e-02      1.86e-03         8.11e-01       4.67e-01     2.88e+01    28.56      0.94          0.0059
22           290.9299437        14.5138842          3.12        31.2        1.25e-02      1.33e-03         5.57e-01       4.59e-01     1.14e+02    6.29       0.67          0.0233
23           290.9244359        14.515745           3.34        33.4        9.19e-03      4.78e-04         3.94e-01       3.94e-01     3.37e+01    4.62       0.24          0.0255
24           290.9326281        14.5069749          3.38        33.84       9.91e-02      7.10e-03         8.17e-01       5.51e-01     1.65e+02    49.76      3.57          0.0038
25           290.9336632        14.5092951          4.08        40.81       5.81e-02      6.14e-03         9.41e-01       6.26e-01     1.08e+01    29.18      3.08          0.0074
26           290.9299886        14.5141247          9.85        98.47       6.10e-02      2.34e-03         1.11e+00       7.45e-01     1.44e+02    30.63      1.17          0.0083
27           290.9337907        14.5096619          4.47        52.24       8.09e-02      7.96e-03         1.26e+00       5.83e-01     1.97e+01    40.62      4.0           0.0056
28           290.929612         14.5149068          4.83        48.26       1.62e-02      8.16e-04         7.98e-01       5.12e-01     2.17e+01    8.11       0.41          0.0219
29           290.9339054        14.5092748          2.47        24.74       8.02e-03      1.67e-03         3.66e-01       3.66e-01     4.43e+01    4.03       0.84          0.0272
30           290.9298903        14.5142471          4.08        40.79       1.24e-02      1.58e-03         6.30e-01       5.50e-01     8.00e+01    6.22       0.79          0.0277
31           290.9327694        14.510818           2.91        29.06       1.96e-02      2.05e-03         7.35e-01       4.89e-01     2.02e+01    9.84       1.03          0.017 
32           290.9298847        14.5150169          2.31        23.09       6.83e-03      6.40e-04         5.61e-01       4.51e-01     1.35e+02    3.43       0.32          0.0422
33           290.925897         14.5150806          2.55        25.54       5.64e-03      5.80e-04         4.35e-01       4.01e-01     4.53e+01    2.84       0.29          0.0435
34           290.9318138        14.5107627          2.81        28.09       1.32e-02      8.11e-04         6.19e-01       4.72e-01     2.26e+00    6.61       0.41          0.0233
35           290.9310141        14.5143293          2.54        25.42       4.42e-03      4.25e-04         4.32e-01       4.04e-01     2.08e+01    2.22       0.21          0.0556
36           290.930936         14.5140146          2.65        26.49       5.00e-03      4.97e-04         4.94e-01       4.07e-01     3.65e+01    2.51       0.25          0.0516
37           290.932128         14.5098087          3.27        32.66       2.16e-02      2.43e-03         7.46e-01       5.85e-01     5.58e+01    10.86      1.22          0.0175
38           290.9324861        14.5103585          2.54        25.43       2.10e-02      2.96e-03         5.62e-01       5.13e-01     2.50e+01    10.53      1.48          0.015 
39           290.9303851        14.5151364          2.79        27.87       5.84e-03      5.71e-04         5.25e-01       4.70e-01     1.08e+01    2.93       0.29          0.0497
40           290.9336993        14.5070064          2.23        22.28       1.44e-02      2.15e-03         6.31e-01       4.64e-01     8.22e+01    7.22       1.08          0.0213
41           290.9334207        14.5089033          3.4         34.03       4.02e-02      4.93e-03         9.25e-01       5.32e-01     4.97e+00    20.21      2.47          0.0095
42           290.9277531        14.5010108          2.94        29.39       8.05e-03      5.13e-04         5.92e-01       4.81e-01     8.80e+01    4.05       0.26          0.0381
43           290.933521         14.5073586          1.79        17.89       1.79e-02      4.44e-03         5.16e-01       4.38e-01     1.68e+02    8.97       2.23          0.0154
44           290.9325604        14.5091293          2.44        24.36       1.46e-02      2.26e-03         6.93e-01       4.86e-01     1.74e+02    7.34       1.13          0.0223
45           290.9262258        14.5153444          2.64        26.38       8.34e-03      5.17e-04         6.18e-01       4.33e-01     3.78e+01    4.19       0.26          0.0348
46           290.9332126        14.509893           2.22        22.2        2.24e-01      7.16e-03         8.19e-01       6.69e-01     9.72e+01    112.55     3.59          0.0019
47           290.9275855        14.500595           2.79        27.88       6.05e-03      2.40e-04         5.48e-01       4.79e-01     1.56e+02    3.04       0.12          0.0493
48           290.9331529        14.5084755          2.67        26.65       2.11e-02      3.52e-03         6.66e-01       5.54e-01     3.80e+01    10.6       1.77          0.0166
49           290.932817         14.5105959          1.97        19.66       1.29e-02      2.33e-03         6.41e-01       4.29e-01     1.33e+00    6.48       1.17          0.0226
50           290.9329154        14.5103435          1.78        17.76       9.30e-03      4.83e-03         3.79e-01       3.57e-01     5.50e+01    4.67       2.42          0.0233
51           290.9290377        14.5156036          3.04        30.41       7.75e-03      5.08e-04         5.92e-01       5.32e-01     1.00e+02    3.89       0.26          0.0424
52           290.9335685        14.5097938          2.69        26.85       3.90e-02      8.81e-03         9.17e-01       5.62e-01     8.06e+01    19.57      4.42          0.0101
53           290.9341342        14.509524           1.76        17.56       1.09e-02      1.41e-03         5.91e-01       5.01e-01     3.61e+01    5.47       0.71          0.0289
54           290.9247283        14.5084475          2.01        20.08       6.30e-03      6.15e-04         5.22e-01       4.57e-01     7.36e+01    3.16       0.31          0.0451
55           290.9288174        14.5160065          2.95        29.53       9.47e-03      5.88e-04         9.01e-01       5.43e-01     4.68e+00    4.76       0.3           0.0404
56           290.9266622        14.5022053          2.21        22.15       5.31e-03      3.01e-04         5.53e-01       4.91e-01     6.90e+01    2.67       0.15          0.0572
57           290.9326028        14.5058724          1.39        13.89       1.52e-02      4.23e-03         6.40e-01       4.50e-01     1.62e+02    7.66       2.12          0.0197
58           290.9337035        14.5089714          2.13        21.34       1.51e-02      3.37e-03         8.03e-01       4.88e-01     1.74e+02    7.58       1.69          0.0227
59           290.930762         14.513507           2.05        20.47       4.33e-03      4.43e-04         6.06e-01       3.96e-01     9.58e+00    2.18       0.22          0.0627
60           290.9332711        14.5081076          1.62        16.18       1.25e-02      2.70e-03         5.34e-01       4.39e-01     1.68e+02    6.29       1.36          0.0223
61           290.9338052        14.5087031          1.57        15.71       4.51e-03      1.36e-03         4.11e-01       4.11e-01     1.60e+02    2.26       0.68          0.0543
62           290.9322129        14.5080483          2.11        21.11       1.02e-02      2.11e-03         7.09e-01       5.51e-01     1.11e+02    5.14       1.06          0.0349
63           290.9228256        14.5040504          3.25        32.47       2.95e-02      1.03e-03         6.89e-01       6.32e-01     1.75e+02    14.82      0.52          0.0131
64           290.9318195        14.5059354          1.38        13.78       3.52e-03      8.06e-04         4.62e-01       3.96e-01     1.78e+02    1.77       0.4           0.0705
65           290.932688         14.5084075          1.97        19.74       2.69e-02      3.36e-03         9.14e-01       6.99e-01     1.48e+02    13.51      1.69          0.0169
66           290.9429562        14.4966661          2.42        24.24       4.50e-02      1.63e-03         1.12e+00       7.32e-01     7.21e+01    22.62      0.82          0.0112
67           290.9331036        14.5092497          1.1         11.03       6.65e-02      6.36e-03         7.38e-01       5.43e-01     1.68e+02    33.4       3.19          0.0054
68           290.9336788        14.5063724          1.31        13.13       5.70e-03      9.84e-04         5.71e-01       4.39e-01     1.60e+02    2.86       0.49          0.05  
69           290.9308511        14.5096796          1.41        14.06       5.02e-03      7.01e-04         5.57e-01       4.51e-01     1.13e+01    2.52       0.35          0.0574
70           290.9242695        14.515205           1.85        18.53       1.40e-02      9.27e-04         7.04e-01       6.04e-01     8.49e+01    7.05       0.47          0.027 
71           290.9324134        14.5096558          1.28        12.8        4.71e-03      1.29e-03         3.85e-01       3.61e-01     4.32e+01    2.37       0.65          0.0466
72           290.9332295        14.5064315          1.61        16.09       8.56e-03      1.34e-03         7.94e-01       5.80e-01     8.73e+01    4.3        0.67          0.0448
73           290.9286003        14.502183           1.79        17.93       4.71e-03      4.13e-04         6.16e-01       5.02e-01     1.03e+02    2.37       0.21          0.0679
74           290.9286748        14.5162147          1.35        13.5        2.91e-03      3.11e-04         4.62e-01       4.15e-01     1.30e+02    1.46       0.16          0.0881
75           290.9245042        14.5100798          3.76        37.62       9.40e-02      3.95e-03         1.74e+00       1.40e+00     2.78e+01    47.2       1.99          0.0095
76           290.9316339        14.5084835          1.71        17.09       8.60e-03      1.18e-03         8.53e-01       5.04e-01     8.96e+01    4.32       0.59          0.0415
77           290.9312995        14.5075009          1.27        12.69       3.69e-03      8.03e-04         4.93e-01       4.50e-01     1.32e+01    1.85       0.4           0.0749
78           290.9344568        14.507684           1.44        14.36       6.28e-03      5.92e-04         6.51e-01       5.17e-01     1.76e+02    3.16       0.3           0.0529
79           290.9303038        14.5144535          1.27        12.66       3.87e-03      7.01e-04         6.02e-01       4.19e-01     1.39e+02    1.94       0.35          0.0728
80           290.9243273        14.5150489          1.76        17.56       1.08e-02      8.89e-04         6.72e-01       4.87e-01     9.34e+01    5.42       0.45          0.0299
81           290.9323901        14.508738           1.51        15.08       1.17e-02      2.76e-03         9.21e-01       6.02e-01     2.62e+01    5.89       1.38          0.0352
82           290.9339456        14.5090276          1.32        13.21       5.42e-03      1.74e-03         6.04e-01       5.08e-01     1.39e+02    2.72       0.87          0.0591
83           290.9311191        14.5099656          1.33        13.32       6.76e-03      9.91e-04         8.28e-01       5.08e-01     8.18e+01    3.4        0.5           0.0527
84           290.9341307        14.5077836          1.24        12.41       5.73e-03      1.05e-03         6.99e-01       4.65e-01     1.31e+02    2.88       0.53          0.0554
85           290.9329873        14.5111238          1.24        12.45       5.43e-03      1.13e-03         7.74e-01       5.13e-01     7.01e+01    2.73       0.57          0.0646
86           290.9306868        14.5098353          2.65        26.48       1.66e-02      1.15e-03         1.33e+00       9.29e-01     7.27e+01    8.34       0.58          0.0376
87           290.9324843        14.5131038          2.34        23.37       1.14e-02      6.84e-04         8.94e-01       8.26e-01     1.30e+02    5.72       0.34          0.0444
88           290.9342998        14.5088812          2.95        29.51       3.85e-02      3.18e-03         1.42e+00       9.94e-01     1.07e+02    19.35      1.6           0.0173
89           290.9297939        14.5144519          1.39        13.87       1.20e-02      1.12e-03         8.50e-01       6.86e-01     1.69e+02    6.05       0.56          0.0364
90           290.924977         14.510756           2.19        21.89       1.10e-02      1.61e-03         1.08e+00       6.91e-01     8.90e+00    5.54       0.81          0.0433
91           290.9266684        14.5016812          1.54        15.36       4.77e-03      4.00e-04         6.39e-01       5.43e-01     1.58e+02    2.4        0.2           0.0715
92           290.9313252        14.5089824          1.61        16.13       7.63e-03      1.32e-03         1.10e+00       6.06e-01     1.33e+02    3.83       0.66          0.0576
93           290.9319601        14.5103805          1.51        15.09       1.44e-02      1.80e-03         8.22e-01       7.44e-01     1.70e+02    7.22       0.9           0.0318
94           290.9349799        14.507543           1.23        12.33       5.74e-03      8.25e-04         8.56e-01       6.07e-01     1.49e+02    2.88       0.41          0.0706
95           290.9322315        14.508379           1.25        12.52       7.36e-03      1.56e-03         7.71e-01       5.69e-01     8.02e+01    3.7        0.78          0.051 
96           290.929572         14.5114491          1.46        14.63       7.85e-03      5.54e-04         8.39e-01       5.98e-01     7.28e+01    3.94       0.28          0.0507
97           290.9345496        14.5042336          1.19        11.86       4.40e-03      3.73e-04         7.47e-01       4.73e-01     4.81e+01    2.21       0.19          0.0745
98           290.9320801        14.5070376          1.2         11.96       9.10e-03      2.14e-03         6.25e-01       4.12e-01     2.86e+01    4.57       1.07          0.031 
99           290.9323211        14.5105982          1.17        11.68       9.56e-03      1.56e-03         7.56e-01       6.22e-01     1.49e+02    4.8        0.78          0.0414
100          290.9270421        14.5099557          1.15        11.47       2.45e-03      6.15e-04         5.23e-01       4.57e-01     1.16e+02    1.23       0.31          0.116 
101          290.931701         14.5081901          1.71        17.15       1.63e-02      1.58e-03         8.96e-01       7.97e-01     1.25e+02    8.16       0.79          0.0304
102          290.9353014        14.5141999          2.49        24.91       1.63e-02      6.76e-04         1.37e+00       8.68e-01     8.55e+01    8.18       0.34          0.0369
103          290.9344242        14.5043974          1.13        11.32       4.11e-03      3.76e-04         6.90e-01       4.93e-01     1.80e+02    2.06       0.19          0.08  
104          290.9337888        14.5077169          1.15        11.53       6.54e-03      1.72e-03         5.86e-01       4.65e-01     1.62e+02    3.28       0.86          0.0457
105          290.9312983        14.5113865          1.16        11.55       5.70e-03      6.30e-04         6.89e-01       5.46e-01     1.52e+02    2.86       0.32          0.0617
106          290.9278397        14.5008118          1.2         12.04       5.49e-03      4.07e-04         9.20e-01       5.59e-01     4.25e+01    2.76       0.2           0.0716
107          290.9280651        14.5010704          1.12        11.24       3.26e-03      3.56e-04         6.58e-01       5.32e-01     4.42e+01    1.64       0.18          0.1042
108          290.9359586        14.5072873          1.24        12.36       2.59e-03      5.56e-04         8.31e-01       4.43e-01     2.02e+01    1.3        0.28          0.1255
109          290.9243711        14.5148675          2.21        27.74       2.81e-02      1.35e-03         1.55e+00       6.87e-01     2.70e+01    14.1       0.68          0.0191
110          290.9427874        14.4971954          1.17        11.7        9.37e-03      1.29e-03         6.66e-01       4.44e-01     1.44e+02    4.71       0.65          0.0323
111          290.9317238        14.5047362          1.14        11.44       6.28e-03      5.98e-04         8.92e-01       5.84e-01     1.45e+01    3.16       0.3           0.0637
112          290.9340145        14.5081191          1.15        11.45       8.08e-03      1.47e-03         7.89e-01       5.96e-01     1.35e+02    4.06       0.74          0.0482
113          290.9314767        14.5057244          1.2         12.01       6.07e-03      7.40e-04         7.93e-01       5.80e-01     1.75e+01    3.05       0.37          0.0632
114          290.9355399        14.510098           1.95        19.5        2.49e-02      1.53e-03         1.40e+00       1.23e+00     6.65e+01    12.51      0.77          0.0307
115          290.9340336        14.5107002          1.13        11.27       2.94e-03      6.06e-04         5.86e-01       4.84e-01     5.82e+01    1.48       0.3           0.1044
116          290.9248771        14.5120487          1.13        11.26       3.88e-03      6.96e-04         6.63e-01       5.55e-01     1.69e+00    1.95       0.35          0.0904
117          290.9308104        14.514778           1.13        11.28       3.41e-03      4.18e-04         7.17e-01       4.75e-01     1.29e+01    1.71       0.21          0.095 
118          290.9336306        14.5056441          1.16        11.64       1.06e-02      1.04e-03         9.30e-01       5.86e-01     8.23e+00    5.34       0.52          0.0383
119          290.9300548        14.5134891          1.13        11.31       2.91e-03      7.02e-04         5.90e-01       4.60e-01     1.00e+02    1.46       0.35          0.1023
120          290.9351534        14.5092968          1.14        11.43       3.45e-03      1.07e-03         6.05e-01       4.69e-01     8.72e+01    1.73       0.54          0.0881
121          290.9349511        14.5077777          2.24        22.41       3.11e-02      1.77e-03         1.74e+00       1.12e+00     3.25e+01    15.6       0.89          0.0248
122          290.9296856        14.5079222          1.72        17.18       1.67e-02      9.53e-04         1.14e+00       9.37e-01     2.79e+01    8.41       0.48          0.0356
123          290.9291137        14.5115039          1.11        11.07       7.12e-03      4.75e-04         9.56e-01       6.65e-01     8.87e+01    3.57       0.24          0.0628
124          290.9365473        14.5106408          1.28        12.76       1.12e-02      7.97e-04         1.09e+00       7.82e-01     1.08e+01    5.61       0.4           0.0466
125          290.9324221        14.5044391          1.09        10.89       7.49e-03      9.42e-04         9.80e-01       6.64e-01     8.82e+01    3.76       0.47          0.0601
126          290.9284891        14.5158672          1.13        11.32       4.71e-03      6.20e-04         9.36e-01       6.69e-01     5.94e+01    2.37       0.31          0.0946
127          290.9308296        14.5075974          1.11        11.13       6.82e-03      9.23e-04         7.59e-01       5.49e-01     2.65e+01    3.43       0.46          0.0534
128          290.9276653        14.5102057          1.11        11.12       3.03e-03      3.10e-04         5.93e-01       5.58e-01     8.52e+01    1.52       0.16          0.1119
129          290.9331225        14.5043672          1.14        11.35       2.76e-03      9.46e-04         1.15e+00       6.12e-01     9.57e+01    1.38       0.48          0.1629
130          290.9340489        14.5051058          1.09        10.95       7.81e-03      7.23e-04         9.12e-01       7.96e-01     1.38e+02    3.92       0.36          0.0635
131          290.9355191        14.5077791          1.09        10.94       5.91e-03      6.99e-04         8.33e-01       6.76e-01     1.29e+02    2.97       0.35          0.073 
132          290.9354672        14.5104083          1.04        10.4        3.37e-03      9.30e-04         7.40e-01       4.66e-01     9.31e+01    1.69       0.47          0.0961
133          290.9420341        14.4963173          1.26        12.57       2.04e-02      2.73e-03         9.42e-01       8.88e-01     1.33e+02    10.22      1.37          0.0265
134          290.9336802        14.5124683          1.06        10.63       5.88e-03      5.77e-04         1.14e+00       8.11e-01     4.78e+01    2.96       0.29          0.0918
135          290.9225484        14.504651           1.14        11.37       1.22e-02      9.32e-04         8.63e-01       6.39e-01     3.69e+01    6.13       0.47          0.0344
136          290.9357204        14.5049118          1.07        10.68       6.53e-03      5.17e-04         1.17e+00       6.80e-01     2.99e+01    3.28       0.26          0.0743
137          290.9325167        14.5119558          1.08        10.8        1.53e-02      1.07e-03         1.01e+00       9.41e-01     1.02e+02    7.67       0.54          0.0376
138          290.9251419        14.5143041          1.08        10.82       5.33e-03      7.57e-04         9.59e-01       6.88e-01     5.57e+01    2.68       0.38          0.0859
139          290.9423789        14.497054           1.7         16.98       5.30e-02      2.37e-03         1.72e+00       1.38e+00     1.13e+02    26.63      1.19          0.0167
140          290.9405547        14.4997463          1.12        11.17       7.59e-03      4.72e-04         1.20e+00       1.00e+00     1.30e+02    3.81       0.24          0.0836
141          290.9319425        14.5017264          1.14        11.36       6.58e-03      3.99e-04         1.44e+00       1.15e+00     1.38e+02    3.3        0.2           0.1121
142          290.9320706        14.5025238          1.07        10.66       5.68e-03      6.93e-04         1.12e+00       7.31e-01     1.14e+02    2.85       0.35          0.0883
143          290.9269579        14.5109335          1.06        10.65       3.42e-03      5.24e-04         9.65e-01       8.56e-01     1.66e+02    1.72       0.26          0.155 
144          290.9356434        14.5104917          1.06        10.6        4.30e-03      1.00e-03         7.19e-01       6.18e-01     3.88e+01    2.16       0.5           0.09  
145          290.9309414        14.5160641          1.06        10.58       1.91e-03      3.08e-04         7.31e-01       5.72e-01     1.69e+02    0.96       0.15          0.1935
146          290.9420021        14.496759           1.07        10.71       1.55e-02      1.33e-03         1.15e+00       6.99e-01     1.66e+02    7.78       0.67          0.0317
147          290.9362591        14.5097788          1.07        10.68       5.55e-03      8.61e-04         9.43e-01       8.28e-01     1.26e+02    2.79       0.43          0.0927
148          290.933467         14.5113641          1.07        10.74       7.62e-03      1.04e-03         1.15e+00       8.42e-01     1.39e+02    3.83       0.52          0.073 
149          290.9292543        14.5095141          1.06        10.58       6.69e-03      8.08e-04         8.90e-01       6.76e-01     1.67e+02    3.36       0.41          0.0659
150          290.9428026        14.496939           1.05        10.52       3.69e-02      2.66e-03         1.42e+00       9.13e-01     3.24e+01    18.54      1.34          0.017 
151          290.9235153        14.5170695          1.39        13.87       1.25e-02      1.59e-03         8.64e-01       7.75e-01     8.71e+01    6.26       0.8           0.0384
152          290.9400565        14.5008786          1.27        12.65       6.90e-03      5.99e-04         1.54e+00       1.37e+00     8.61e+01    3.46       0.3           0.1233
153          290.9431965        14.5027893          1.17        11.74       1.01e-02      7.03e-04         1.55e+00       1.15e+00     1.67e+02    5.1        0.35          0.0746
154          290.9334033        14.5032974          1.06        10.56       7.18e-03      1.01e-03         1.20e+00       1.03e+00     4.06e+01    3.61       0.51          0.0899
155          290.932428         14.5031076          1.53        15.28       1.06e-02      1.34e-03         1.46e+00       1.46e+00     9.36e+01    5.34       0.67          0.0819
156          290.9405474        14.4953682          1.47        14.73       1.05e-02      1.60e-03         9.41e-01       9.41e-01     8.61e+01    5.26       0.81          0.0535
157          290.9217673        14.5021249          1.27        12.72       6.08e-03      1.47e-03         9.41e-01       9.41e-01     1.50e+02    3.06       0.74          0.092 
158          290.9255804        14.5168958          1.03        10.27       1.85e-02      1.21e-03         1.76e+00       1.32e+00     1.23e+02    9.3        0.61          0.0467
159          290.9258747        14.5053981          0.0         10.59       4.44e-03      6.51e-04         1.43e+00       5.78e-01     3.39e+01    2.23       0.33          0.1049
160          290.9235469        14.5172139          0.0         14.15       3.28e-04      1.10e-03         7.19e-01       6.11e-01     7.34e+01    0.16       0.55          1.1719
